0 68
0 65533
0 12
2 41
0 65
2 8
2 58
0 74
2 81
0 86
0 70
2 65533
0 1471
2 61
12 108
0 16
0 39
0 55
2 121
12 124
0 9
0 13
0 127
0 173
0 25
0 117
2 116
3 12
2 86
0 14
0 1069
12 65533
0 56
0 120
2 90
0 7
2 40
2 105
0 18
2 50
12 116
12 55
8 17
12 65
2 101
2 19
12 113
2 10
0 104
32 65533
12 92
0 66
0 113
12 50
2 6
0 48
12 126
0 49
49 65533
2 83
0 61
0 37
12 26
50 65533
0 24
19 13
2 93
0 5
0 102
2 14
2 122
0 939
0 90
32 81
0 20
0 123
2 53
59 68
12 4
1 118
2 0
2 39
2 76
68 65533
0 91
2 1720
32 11
38 43
4 34
2 29
0 38
2 49
50 47
0 96
0 57
0 45
91 65533
36 65533
2 127
0 7266
12 106
17 65533
12 1593
2 56
12 81
2 9
0 64
0 62
12 43
12 119
2 46
2 67
2 57
12 74
0 92
0 1
12 12
0 44
0 118
0 59
0 101
0 121
16 65533
2 13
0 52
53 44
2 118
21 65533
0 87
121 54
2 
 